00001169
00001392
00001206
00001274
00001459
00001303
00001369
00001463
00001157
00001486
00001106
00001129
00001292
00001151
00001480
00001161
00001408
00001122
00001424
00001112
00001202
00001110
00001400
00001178
00001398
00001308
00001312
00001143
00001436
00001247
00001265
00001176
00001461
00001402
00001380
00001182
00001239
00001335
00001474
00001310
00001384
00001108
00001163
00001430
00001314
00001230
00001208
00001135
00001287
00001222
00001371
00001191
00001358
00001340
00001492
00001453
00001284
00001357
00001234
00001294
00001442
00001419
00001318
00001127
00001116
00001331
00001451
00001131
00001365
00001494
00001217
00001137
00001171
00001186
00001276
00001197
00001290
00001322
00001245
00001120
00001256
00001295
00001367
00001388
00001438
00001145
00001457
00001476
00001263
00001262
00001215
00001327
00001195
00001226
00001153
00001249
00001440
00001376
00001305
00001270
00001285
00001333
00001360
00001198
00001455
00001118
00001224
00001373
00001104
00001428
00001250
00001126
00001382
00001386
00001447
00001147
00001301
00001320
00001432
00001268
00001444
00001390
00001155
00001139
00001374
00001396
00001337
00001394
00001174
00001210
00001219
00001414
00001488
00001306
00001200
00001378
00001406
00001299
00001228
00001288
00001193
00001282
00001204
00001355
00001361
00001316
00001412
00001478
00001411
00001252
00001434
00001258
00001342
00001241
00001329
00001344
00001254
00001232
00001339
00001172
00001449
00001324
